-0.52941     -0.39378     -0.99946     -0.96024     -1.0099     -0.014924     0.83696     -1.0004     -0.9024     -0.39049     0.11398     0.064408     -0.99883     -0.49816     0.99273     -1.1198  
-0.79432     -0.017818     0.047933     0.75553     -0.78253     -0.81688     -0.78675     -1.0935     -0.6743     -1.1763     0.6598     -0.28725     -0.81721     0.20454     0.87796     0.56173    
0.44832     0.32111     -0.14947     0.302     0.26929     1.0311     -0.020751     0.99237     0.73345     0.1894     -0.27641     0.4242     -0.4306     -0.080375     0.24208     0.55253     
0.16393     1.4138     -0.98388     1.2895     0.83117     1.147     -1.6713     -0.3092     -0.18124     -0.65495     -0.24042     -0.35763     -0.269     -0.91565     0.096249     -0.20354   
0.0083442     0.058147     1.076     -0.45884     0.50893     -1.5991     -0.21376     -0.42703     -0.39701     -0.045953     0.29162     0.38796     0.13639     -0.11806     0.77278     0.51754  
0.013232     0.28917     -0.091135     -0.2103     0.69242     0.73088     -0.10012     0.063787     0.41072     -1.2519     -0.35908     0.083847     -1.3821     0.2631     -0.82243     -0.63091  
0.040841     0.33321     -1.0378     0.66762     0.079689     0.44085     -0.43196     0.83943     -0.1858     -2.2144     0.43156     0.26294     0.35382     -0.19124     -0.18565     -0.34762    
-0.20457     0.61998     0.37232     0.040191     -0.19196     -0.60324     0.41761     -1.3097     -0.36794     0.84645     -0.7017     -0.41014     -1.0169     0.14619     -0.82471     0.083027  
0.14626     -0.56393     -0.34492     -0.59737     0.41551     -1.0581     0.8979     -1.4245     0.87263     0.66985     -0.75362     0.24568     0.66806     -0.8278     0.40688     -0.35102    
-0.056181     -0.38805     0.45188     -0.24906     0.63475     -0.0027096     0.046932     -0.1988     0.26758     -0.026448     -0.15611     -0.99872     1.2565     0.21851     0.10546     -0.21931 
0.38294     0.64042     -0.31467     0.17328     -0.73023     0.21179     0.60151     0.67838     1.7592     -0.23418     -0.17713     0.41758     -0.34519     -0.9916     0.98662     0.1259     
0.15868     -0.63828     1.3445     -0.83326     0.075885     1.232     0.35195     -0.43967     0.20699     -1.3848     -0.19277     1.3663     -0.051072     1.3551     0.25607     -0.079009    
0.39538     0.12842     0.16118     -0.27319     0.82158     -0.13776     -0.63305     0.51948     0.52768     0.068029     -0.31028     0.023524     0.26695     -0.58916     -0.35237     -0.77112  
0.22523     -0.12569     0.34967     -0.18294     0.31852     -0.20259     0.36328     0.93956     1.0469     0.10823     1.0209     0.00094959     0.28594     0.34045     1.1201     0.49235    
0.80854     0.96795     -0.094555     -0.68594     0.62463     1.2865     0.6878     0.023108     -0.086805     -0.27124     0.46602     -1.2312     1.4471     0.23865     0.26092     0.58924   
-0.047379     0.50589     0.10633     0.51587     -0.48511     -0.55869     0.57272     0.25602     0.20374     0.24171     -0.0027531     0.15748     -0.25628     0.43144     0.83497     -0.31618   