Matrix  :
-0.52941 -0.39378 -0.99946 -0.96024 -1.00990 -0.01492 0.83696 -1.00040 -0.90240 -0.39049 0.11398 0.06441 -0.99883 -0.49816 0.99273 -1.11980 
-0.79432 -0.01782 0.04793 0.75553 -0.78253 -0.81688 -0.78675 -1.09350 -0.67430 -1.17630 0.65980 -0.28725 -0.81721 0.20454 0.87796 0.56173 
0.44832 0.32111 -0.14947 0.30200 0.26929 1.03110 -0.02075 0.99237 0.73345 0.18940 -0.27641 0.42420 -0.43060 -0.08038 0.24208 0.55253 
0.16393 1.41380 -0.98388 1.28950 0.83117 1.14700 -1.67130 -0.30920 -0.18124 -0.65495 -0.24042 -0.35763 -0.26900 -0.91565 0.09625 -0.20354 
0.00834 0.05815 1.07600 -0.45884 0.50893 -1.59910 -0.21376 -0.42703 -0.39701 -0.04595 0.29162 0.38796 0.13639 -0.11806 0.77278 0.51754 
0.01323 0.28917 -0.09113 -0.21030 0.69242 0.73088 -0.10012 0.06379 0.41072 -1.25190 -0.35908 0.08385 -1.38210 0.26310 -0.82243 -0.63091 
0.04084 0.33321 -1.03780 0.66762 0.07969 0.44085 -0.43196 0.83943 -0.18580 -2.21440 0.43156 0.26294 0.35382 -0.19124 -0.18565 -0.34762 
-0.20457 0.61998 0.37232 0.04019 -0.19196 -0.60324 0.41761 -1.30970 -0.36794 0.84645 -0.70170 -0.41014 -1.01690 0.14619 -0.82471 0.08303 
0.14626 -0.56393 -0.34492 -0.59737 0.41551 -1.05810 0.89790 -1.42450 0.87263 0.66985 -0.75362 0.24568 0.66806 -0.82780 0.40688 -0.35102 
-0.05618 -0.38805 0.45188 -0.24906 0.63475 -0.00271 0.04693 -0.19880 0.26758 -0.02645 -0.15611 -0.99872 1.25650 0.21851 0.10546 -0.21931 
0.38294 0.64042 -0.31467 0.17328 -0.73023 0.21179 0.60151 0.67838 1.75920 -0.23418 -0.17713 0.41758 -0.34519 -0.99160 0.98662 0.12590 
0.15868 -0.63828 1.34450 -0.83326 0.07588 1.23200 0.35195 -0.43967 0.20699 -1.38480 -0.19277 1.36630 -0.05107 1.35510 0.25607 -0.07901 
0.39538 0.12842 0.16118 -0.27319 0.82158 -0.13776 -0.63305 0.51948 0.52768 0.06803 -0.31028 0.02352 0.26695 -0.58916 -0.35237 -0.77112 
0.22523 -0.12569 0.34967 -0.18294 0.31852 -0.20259 0.36328 0.93956 1.04690 0.10823 1.02090 0.00095 0.28594 0.34045 1.12010 0.49235 
0.80854 0.96795 -0.09456 -0.68594 0.62463 1.28650 0.68780 0.02311 -0.08680 -0.27124 0.46602 -1.23120 1.44710 0.23865 0.26092 0.58924 
-0.04738 0.50589 0.10633 0.51587 -0.48511 -0.55869 0.57272 0.25602 0.20374 0.24171 -0.00275 0.15748 -0.25628 0.43144 0.83497 -0.31618 
Vector :
-235.52000 -11228.79000 547.44000 9891.16000 -3892.12000 763.09800 2742.01200 -1118.98000 98.34900 -9256.76200 0.87430 34259.20000 62.03000 14.58000 872.05400 323.76700 

Result :
8001.50152 11256.95214 10978.94921 -16513.75041 6612.31067 5634.48179 29419.85309 -26091.17819 4403.55465 -33809.25854 15666.20331 61587.29456 -10090.15073 -1415.88787 -56650.84771 6030.96881 

